1088.22
11059.9
-nan
71.3933
-nan
8.6417e+08
1088.22
1088.22
88.2836
239.646
10
-nan
-nan
-nan
-nan
44.7774
1262.23
-nan
-nan
-nan
-nan
8902.59
541.196
161.964
618.428
199.533
175.612
3.4641
-nan
153.89
153.89
-nan
-nan
44088.1
1256.07
-nan
-nan
-nan
9.75651e+08
-nan
-nan
72.6947
44570.2
786.855
1158.55
2.38138e+08
-nan
8.56819
125.516
-nan
-nan
203.383
-nan
44406.3
29.1044
13.8015
-nan
612.593
-nan
1e+09
-nan
-nan
-nan
-nan
-nan
-nan
114.462
12.6746
20.2984
-nan
26353.3
181.017
1
45332.5
19096.5
-nan
-nan
-nan
25367.4
-nan
-nan
-nan
17.8455
9
-nan
-nan
27109.6
-nan
-nan
-nan
-nan
109.748
52.0756
13.2769
2.8845
-nan
141.991
4
62.8332
2.44949
212.705
5
-nan
157.54
189.629
5
18.5018
13.8529
-nan
93.9786
-nan
31.0976
-nan
21.44
14.4339
1083.73
-nan
17.4111
-nan
68.5588
-nan
-nan
86.1539
-nan
11086.8
11086.8
9
1195.46
-nan
-nan
33.5502
-nan
-nan
-nan
39358.8
3.75506e+08
204.342
-nan
1032.48
-nan
14.6629
22280.1
-nan
53474
946.768
420.129
67533
420.129
29.5599
-nan
20.162
634.476
34.9148
-nan
48.1495
72670
-nan
117.21
94.0875
14.6227
35722.8
73.0892
-nan
56.9894
43049.7
6.21447
-nan
31.1985
99.5058
6.9282
-nan
-nan
28.1262
-nan
120.946
385.536
66.473
-nan
176.311
-nan
-nan
900.836
-nan
35.9583
81.4985
60.6563
-nan
1243.69
8.48528
-nan
-nan
72.88
58481
-nan
-nan
72.88
72.88
-nan
-nan
-nan
-nan
9
13965.4
9
24983.5
186.992
-nan
-nan
-nan
-nan
-nan
25890
25890
25890
25890
25890
25890
25890
25890
25890
20.9738
-nan
-nan
-nan
-nan
3.15531e+08
1283.56
6.64403e+08
7.58501e+08
-nan
-nan
6.64403e+08
7.58501e+08
7.58501e+08
6.64403e+08
6.32456
6.32456
10
-nan
-nan
6.32456
10
-nan
-nan
-nan
24190.3
-nan
-nan
8
8
8
8
8.73477
-nan
-nan
14.0636
40.0447
94.9917
5
69.5312
62.6852
-nan
797.552
62.6852
21.3114
6
-nan
8.10695e+08
4
8.10695e+08
4
-nan
40513.6
8.00835e+07
-nan
824.869
30.0914
-nan
-nan
45321.1
60.968
35.6827
44674.8
25399.2
7
17.6922
56810
56810
56810
56810
56810
56810
56810
56810
56810
4.9039e+08
10.3162
-nan
1261.06
39114.9
-nan
176.776
3.39838e+08
-nan
212.858
39249.9
995.578
3.16228
4.4814
24875.4
9.76544e+08
24875.4
7.8424e+08
24875.4
7.8424e+08
3.74166
2.44949
3
3.74166
2
3.74166
2.44949
3
7
79477
1.07711e+07
1204.82
36778.3
4526
79477
1204.82
36778.3
1.07711e+07
10
10
10
10
10
10
10
10
10
10
194.536
11.1141
167.661
19.2059
972.461
-nan
1082.72
11.1141
148.55
9.80255
13297
180.786
-nan
8.33106e+08
30335.9
21738.5
-nan
5.19425e+08
-nan
7.74597
-nan
-nan
1197.74
-nan
576.188
27.9788
7.74597
1
2
99724
18613
34868.9
43083.2
1102.59
34868.9
34868.9
43083.2
34868.9
27248
8
-nan
171.064
62.4143
1.41421
2.44949
32
32
32
32
32
32
32
32
32
15.9947
71.5539
-nan
-nan
333.682
17.7057
777.698
489.919
175.132
-nan
3.87298
-nan
-nan
4
4
4
-nan
-nan
12.3677
209.682
12.3677
-nan
-nan
35.8612
10.5666
21.2313
153.549
3.81324e+08
23236
153.549
-nan
-nan
-nan
-nan
211.511
8.23843
185.716
17.9692
185.716
36447.7
6.10989e+08
139.786
20.5049
127.004
23156.5
10.9981
127.004
24718.4
8
58.2813
-nan
8.1223e+08
1000.98
8.13725e+08
-nan
44736.7
281.022
-nan
281.022
-nan
121.456
171.577
47.4327
47.4327
17.5216
1094.25
69.0396
73.1006
-nan
2.40715e+08
-nan
8
53.6321
317.679
335.225
167.613
14047
-nan
41747.9
-nan
69.5289
7
7
7
7
7
7
7
7
167.142
1163.85
4
-nan
-nan
576.784
38312.8
834.482
7
834.482
834.482
1262.35
1262.35
1074.33
-nan
3
5.91608
27199.7
212.177
1.73205
-nan
208.733
-nan
-nan
56785
-nan
199.61
-nan
67.3386
188.552
-nan
-nan
165.757
28185.4
217.366
-nan
-nan
52.6147
-nan
366.082
-nan
-nan
-nan
90707
3
13.3383
-nan
8824.57
54940
144.684
27070.1
75866
-nan
823.414
-nan
22167
42469.2
210.556
-nan
351.798
1278.57
-nan
82525
-nan
-nan
14658.7
4.29091e+08
72.4042
821.266
18.9999
50206
40262
9.85062
-nan
213.282
1079.87
-nan
-nan
-nan
19.9713
-nan
-nan
-nan
-nan
20.4869
-nan
751.4
8.62172e+08
8
88149
91959
35.1748
-nan
157.567
157.567
11661.6
4
91.4389
5.65685
5.65685
15.1793
2
45.2265
101.509
13082.9
31.1411
74711
2
19.6513
10.5058
11.3106
13082.9
2
72.3643
-nan
33.1699
-nan
451.608
39988
35.255
72.3643
-nan
-nan
1266.34
-nan
33301
4.42076e+08
35.7206
35231
3.16228
82.8855
35231
623.2
687
623.2
-nan
-nan
-nan
22.851
31.9223
-nan
-nan
-nan
-nan
42490.9
8.45233
-nan
